Julian Day:    2458409.312847
L:             2.438445e+001 degrees
B:             -4.626108e-005 degrees
R:             0.996498 AU
H:             11.300581 degrees
Delta Psi:     -4.393716e-003 degrees
Delta Epsilon: -1.232696e-003 degrees
Epsilon:       23.435615 degrees
Zenith:        49.561051 degrees
Azimuth:       194.709594 degrees
Incidence:     24.845848 degrees
Sunrise:       06:11:37 Local Time
Sunset:        17:19:50 Local Time


